Headers
plane_id, gallons, miles, avg_alt, avg_mph, mins

Original File (X)
1            4500         900          30000        509          108          
2            10685        2137         36434        560          234          
3            5375         1075         34090        550          124          
4            9650         1930         35000        554          207          
5            5010         1002         34500        523          116          
6            6365         1273         34600        532          148          
7            11885        2377         37560        567          252          
8            3790         758          31050        497          87           
9            3535.5       707.1        31340        487          95           
10           5850         1170         33550        512          127          
11           4527.5       905.5        32509        498          118          
12           2692.5       538.5        30150        478          65           
13           6265         1253         32050        507          136          
14           4610         922          31045        499          105          
15           6365         1273         34560        518          138          
16           7105         1421         34980        524          172          
17           9300         1860         35680        541          197          
18           10125        2025         35670        540          203          
19           8860         1772         34560        575          178          
20           1118         223.6        30005        454          37           
21           2915.5       583.1        31053        468          68           
22           2061.5       412.3        31350        467          59           

Transpose of File (X')
1            2            3            4            5            6            7            8            9            10           11           12           13           14           15           16           17           18           19           20           21           22           
4500         10685        5375         9650         5010         6365         11885        3790         3535.5       5850         4527.5       2692.5       6265         4610         6365         7105         9300         10125        8860         1118         2915.5       2061.5       
900          2137         1075         1930         1002         1273         2377         758          707.1        1170         905.5        538.5        1253         922          1273         1421         1860         2025         1772         223.6        583.1        412.3        
30000        36434        34090        35000        34500        34600        37560        31050        31340        33550        32509        30150        32050        31045        34560        34980        35680        35670        34560        30005        31053        31350        
509          560          550          554          523          532          567          497          487          512          498          478          507          499          518          524          541          540          575          454          468          467          
108          234          124          207          116          148          252          87           95           127          118          65           136          105          138          172          197          203          178          37           68           59           

Transpose of X' (X'')
1            4500         900          30000        509          108          
2            10685        2137         36434        560          234          
3            5375         1075         34090        550          124          
4            9650         1930         35000        554          207          
5            5010         1002         34500        523          116          
6            6365         1273         34600        532          148          
7            11885        2377         37560        567          252          
8            3790         758          31050        497          87           
9            3535.5       707.1        31340        487          95           
10           5850         1170         33550        512          127          
11           4527.5       905.5        32509        498          118          
12           2692.5       538.5        30150        478          65           
13           6265         1253         32050        507          136          
14           4610         922          31045        499          105          
15           6365         1273         34560        518          138          
16           7105         1421         34980        524          172          
17           9300         1860         35680        541          197          
18           10125        2025         35670        540          203          
19           8860         1772         34560        575          178          
20           1118         223.6        30005        454          37           
21           2915.5       583.1        31053        468          68           
22           2061.5       412.3        31350        467          59           

Product of XX'
9.21331e+08  1.14334e+09  1.04815e+09  1.09547e+09  1.05873e+09  1.06807e+09  1.18274e+09  9.495e+08    9.57004e+08  1.03415e+09  9.96725e+08  9.17351e+08  9.91093e+08  9.5319e+08   1.06687e+09  1.08294e+09  1.11422e+09  1.11778e+09  1.07858e+09  9.05617e+08  9.4548e+08   9.50392e+08  
1.14334e+09  1.44654e+09  1.3021e+09   1.38278e+09  1.31297e+09  1.33168e+09  1.50091e+09  1.17369e+09  1.18142e+09  1.28768e+09  1.23505e+09  1.12869e+09  1.23764e+09  1.18263e+09  1.33021e+09  1.35375e+09  1.40366e+09  1.41246e+09  1.35798e+09  1.10589e+09  1.16406e+09  1.16539e+09  
1.04815e+09  1.3021e+09   1.19249e+09  1.24742e+09  1.20441e+09  1.21541e+09  1.3472e+09   1.07996e+09  1.08842e+09  1.17672e+09  1.13383e+09  1.04314e+09  1.1279e+09   1.08438e+09  1.21403e+09  1.23249e+09  1.26864e+09  1.27291e+09  1.22802e+09  1.02937e+09  1.07516e+09  1.08051e+09  
1.09547e+09  1.38278e+09  1.24742e+09  1.3222e+09   1.25809e+09  1.2752e+09   1.43424e+09  1.12508e+09  1.13267e+09  1.23327e+09  1.18355e+09  1.08255e+09  1.18493e+09  1.13314e+09  1.27379e+09  1.29593e+09  1.34248e+09  1.35041e+09  1.29887e+09  1.06165e+09  1.11639e+09  1.11821e+09  
1.05873e+09  1.31297e+09  1.20441e+09  1.25809e+09  1.21664e+09  1.22716e+09  1.35807e+09  1.09124e+09  1.09992e+09  1.18824e+09  1.14542e+09  1.05446e+09  1.13865e+09  1.09535e+09  1.22577e+09  1.24412e+09  1.27972e+09  1.28368e+09  1.23881e+09  1.04124e+09  1.08677e+09  1.09257e+09  
1.06807e+09  1.33168e+09  1.21541e+09  1.2752e+09   1.22716e+09  1.2396e+09   1.37859e+09  1.0997e+09   1.10804e+09  1.19985e+09  1.15506e+09  1.06128e+09  1.15069e+09  1.10495e+09  1.23821e+09  1.25764e+09  1.29641e+09  1.30152e+09  1.25476e+09  1.04582e+09  1.09399e+09  1.09861e+09  
1.18274e+09  1.50091e+09  1.3472e+09   1.43424e+09  1.35807e+09  1.37859e+09  1.55804e+09  1.21339e+09  1.22113e+09  1.33277e+09  1.27731e+09  1.166e+09    1.28156e+09  1.22334e+09  1.37708e+09  1.40201e+09  1.45545e+09  1.46527e+09  1.40796e+09  1.14107e+09  1.20267e+09  1.20327e+09  
9.495e+08    1.17369e+09  1.07996e+09  1.12508e+09  1.09124e+09  1.0997e+09   1.21339e+09  9.79296e+08  9.87293e+08  1.06505e+09  1.02751e+09  9.47014e+08  1.02011e+09  9.82375e+08  1.09845e+09  1.11441e+09  1.14481e+09  1.14775e+09  1.10831e+09  9.36291e+08  9.75926e+08  9.81781e+08  
9.57004e+08  1.18142e+09  1.08842e+09  1.13267e+09  1.09992e+09  1.10804e+09  1.22113e+09  9.87293e+08  9.95442e+08  1.07323e+09  1.03573e+09  9.5504e+08   1.02774e+09  9.90154e+08  1.10678e+09  1.12267e+09  1.15269e+09  1.15541e+09  1.11599e+09  9.44692e+08  9.84156e+08  9.90322e+08  
1.03415e+09  1.28768e+09  1.17672e+09  1.23327e+09  1.18824e+09  1.19985e+09  1.33277e+09  1.06505e+09  1.07323e+09  1.16147e+09  1.11849e+09  1.02817e+09  1.11367e+09  1.06988e+09  1.1985e+09   1.2171e+09   1.25395e+09  1.25863e+09  1.21371e+09  1.01371e+09  1.05981e+09  1.06458e+09  
9.96725e+08  1.23505e+09  1.13383e+09  1.18355e+09  1.14542e+09  1.15506e+09  1.27731e+09  1.02751e+09  1.03573e+09  1.11849e+09  1.07842e+09  9.9307e+08   1.07168e+09  1.03121e+09  1.15376e+09  1.1709e+09   1.204e+09    1.20756e+09  1.16554e+09  9.80927e+08  1.02347e+09  1.0291e+09   
9.17351e+08  1.12869e+09  1.04314e+09  1.08255e+09  1.05446e+09  1.06128e+09  1.166e+09    9.47014e+08  9.5504e+08   1.02817e+09  9.9307e+08   9.16795e+08  9.84102e+08  9.49161e+08  1.06006e+09  1.0748e+09   1.10207e+09  1.10407e+09  1.06708e+09  9.08001e+08  9.4464e+08   9.51202e+08  
9.91093e+08  1.23764e+09  1.1279e+09   1.18493e+09  1.13865e+09  1.15069e+09  1.28156e+09  1.02011e+09  1.02774e+09  1.11367e+09  1.07168e+09  9.84102e+08  1.0683e+09   1.0253e+09   1.1494e+09   1.16769e+09  1.20444e+09  1.2095e+09   1.16569e+09  9.6918e+08   1.01449e+09  1.01844e+09  
9.5319e+08   1.18263e+09  1.08438e+09  1.13314e+09  1.09535e+09  1.10495e+09  1.22334e+09  9.82375e+08  9.90154e+08  1.06988e+09  1.03121e+09  9.49161e+08  1.0253e+09   9.86154e+08  1.1037e+09   1.1203e+09   1.15256e+09  1.15621e+09  1.1157e+09   9.37096e+08  9.78259e+08  9.83384e+08  
1.06687e+09  1.33021e+09  1.21403e+09  1.27379e+09  1.22577e+09  1.23821e+09  1.37708e+09  1.09845e+09  1.10678e+09  1.1985e+09   1.15376e+09  1.06006e+09  1.1494e+09   1.1037e+09   1.23681e+09  1.25624e+09  1.29497e+09  1.30009e+09  1.25337e+09  1.04461e+09  1.09274e+09  1.09735e+09  
1.08294e+09  1.35375e+09  1.23249e+09  1.29593e+09  1.24412e+09  1.25764e+09  1.40201e+09  1.11441e+09  1.12267e+09  1.2171e+09   1.1709e+09   1.0748e+09   1.16769e+09  1.1203e+09   1.25624e+09  1.27641e+09  1.31712e+09  1.32287e+09  1.27471e+09  1.05808e+09  1.10803e+09  1.11211e+09  
1.11422e+09  1.40366e+09  1.26864e+09  1.34248e+09  1.27972e+09  1.29641e+09  1.45545e+09  1.14481e+09  1.15269e+09  1.25395e+09  1.204e+09    1.10207e+09  1.20444e+09  1.15256e+09  1.29497e+09  1.31712e+09  1.36334e+09  1.37097e+09  1.31914e+09  1.08164e+09  1.13644e+09  1.13877e+09  
1.11778e+09  1.41246e+09  1.27291e+09  1.35041e+09  1.28368e+09  1.30152e+09  1.46527e+09  1.14775e+09  1.15541e+09  1.25863e+09  1.20756e+09  1.10407e+09  1.2095e+09   1.15621e+09  1.30009e+09  1.32287e+09  1.37097e+09  1.3793e+09   1.3264e+09   1.0823e+09   1.13863e+09  1.14023e+09  
1.07858e+09  1.35798e+09  1.22802e+09  1.29887e+09  1.23881e+09  1.25476e+09  1.40796e+09  1.10831e+09  1.11599e+09  1.21371e+09  1.16554e+09  1.06708e+09  1.16569e+09  1.1157e+09   1.25337e+09  1.27471e+09  1.31914e+09  1.3264e+09   1.2764e+09   1.04754e+09  1.10034e+09  1.10273e+09  
9.05617e+08  1.10589e+09  1.02937e+09  1.06165e+09  1.04124e+09  1.04582e+09  1.14107e+09  9.36291e+08  9.44692e+08  1.01371e+09  9.80927e+08  9.08001e+08  9.6918e+08   9.37096e+08  1.04461e+09  1.05808e+09  1.08164e+09  1.0823e+09   1.04754e+09  9.01808e+08  9.35351e+08  9.43268e+08  
9.4548e+08   1.16406e+09  1.07516e+09  1.11639e+09  1.08677e+09  1.09399e+09  1.20267e+09  9.75926e+08  9.84156e+08  1.05981e+09  1.02347e+09  9.4464e+08   1.01449e+09  9.78259e+08  1.09274e+09  1.10803e+09  1.13644e+09  1.13863e+09  1.10034e+09  9.35351e+08  9.73353e+08  9.79985e+08  
9.50392e+08  1.16539e+09  1.08051e+09  1.11821e+09  1.09257e+09  1.09861e+09  1.20327e+09  9.81781e+08  9.90322e+08  1.06458e+09  1.0291e+09   9.51202e+08  1.01844e+09  9.83384e+08  1.09735e+09  1.11211e+09  1.13877e+09  1.14023e+09  1.10273e+09  9.43268e+08  9.79985e+08  9.87464e+08  

Product of X'X
3795         1.42255e+06  284510       8.35005e+06  128719       31818        
1.42255e+06  9.85135e+08  1.97027e+08  4.53818e+09  7.03889e+07  2.15487e+07  
284510       1.97027e+08  3.94054e+07  9.07636e+08  1.40778e+07  4.30973e+06  
8.35005e+06  4.53818e+09  9.07636e+08  2.44467e+10  3.79238e+08  1.01458e+08  
128719       7.03889e+07  1.40778e+07  3.79238e+08  5.89003e+06  1.57322e+06  
31818        2.15487e+07  4.30973e+06  1.01458e+08  1.57322e+06  473706       

Result of X + X
2            9000         1800         60000        1018         216          
4            21370        4274         72868        1120         468          
6            10750        2150         68180        1100         248          
8            19300        3860         70000        1108         414          
10           10020        2004         69000        1046         232          
12           12730        2546         69200        1064         296          
14           23770        4754         75120        1134         504          
16           7580         1516         62100        994          174          
18           7071         1414.2       62680        974          190          
20           11700        2340         67100        1024         254          
22           9055         1811         65018        996          236          
24           5385         1077         60300        956          130          
26           12530        2506         64100        1014         272          
28           9220         1844         62090        998          210          
30           12730        2546         69120        1036         276          
32           14210        2842         69960        1048         344          
34           18600        3720         71360        1082         394          
36           20250        4050         71340        1080         406          
38           17720        3544         69120        1150         356          
40           2236         447.2        60010        908          74           
42           5831         1166.2       62106        936          136          
44           4123         824.6        62700        934          118          

Result of X' + X'
2            4            6            8            10           12           14           16           18           20           22           24           26           28           30           32           34           36           38           40           42           44           
9000         21370        10750        19300        10020        12730        23770        7580         7071         11700        9055         5385         12530        9220         12730        14210        18600        20250        17720        2236         5831         4123         
1800         4274         2150         3860         2004         2546         4754         1516         1414.2       2340         1811         1077         2506         1844         2546         2842         3720         4050         3544         447.2        1166.2       824.6        
60000        72868        68180        70000        69000        69200        75120        62100        62680        67100        65018        60300        64100        62090        69120        69960        71360        71340        69120        60010        62106        62700        
1018         1120         1100         1108         1046         1064         1134         994          974          1024         996          956          1014         998          1036         1048         1082         1080         1150         908          936          934          
216          468          248          414          232          296          504          174          190          254          236          130          272          210          276          344          394          406          356          74           136          118          
     

Result of (X + X) - X
1            4500         900          30000        509          108          
2            10685        2137         36434        560          234          
3            5375         1075         34090        550          124          
4            9650         1930         35000        554          207          
5            5010         1002         34500        523          116          
6            6365         1273         34600        532          148          
7            11885        2377         37560        567          252          
8            3790         758          31050        497          87           
9            3535.5       707.1        31340        487          95           
10           5850         1170         33550        512          127          
11           4527.5       905.5        32509        498          118          
12           2692.5       538.5        30150        478          65           
13           6265         1253         32050        507          136          
14           4610         922          31045        499          105          
15           6365         1273         34560        518          138          
16           7105         1421         34980        524          172          
17           9300         1860         35680        541          197          
18           10125        2025         35670        540          203          
19           8860         1772         34560        575          178          
20           1118         223.6        30005        454          37           
21           2915.5       583.1        31053        468          68           
22           2061.5       412.3        31350        467          59           

Result of (X' + X') - X'
1            2            3            4            5            6            7            8            9            10           11           12           13           14           15           16           17           18           19           20           21           22           
4500         10685        5375         9650         5010         6365         11885        3790         3535.5       5850         4527.5       2692.5       6265         4610         6365         7105         9300         10125        8860         1118         2915.5       2061.5       
900          2137         1075         1930         1002         1273         2377         758          707.1        1170         905.5        538.5        1253         922          1273         1421         1860         2025         1772         223.6        583.1        412.3        
30000        36434        34090        35000        34500        34600        37560        31050        31340        33550        32509        30150        32050        31045        34560        34980        35680        35670        34560        30005        31053        31350        
509          560          550          554          523          532          567          497          487          512          498          478          507          499          518          524          541          540          575          454          468          467          
108          234          124          207          116          148          252          87           95           127          118          65           136          105          138          172          197          203          178          37           68           59           

